entropia_conjunta_P = [ 8.78590493  9.02135564  9.2444424   8.65077418  8.79257585  8.82015791]
entropia_conjunta_S = [ 8.51128272,  8.41718395,  8.63540547,  7.75241587,  7.61913448, 7.79343381]
